82475 84211 86919 86927 86943 -2
56109 222699 -2
55455 -2
81795 81991 -2
55403 55407 55411 55435 55831 55835 55839 55847 55863 55879 55895 55991 56077 56225 56373 56765 222499 222511 222607 222699 -2
55287 55295 55323 55327 55331 222323 222331 -2
84947 84999 -2
82875 82879 86003 -2
85087 -2
82979 -2
55295 55323 55327 55375 222375 -2
80027 80203 81843 81875 81931 81939 81943 86979 89829 89845 89849 222455 222771 222783 222787 222795 -2
78163 84803 84827 -2
222591 -2
55283 55287 56181 89453 -2
81955 81959 81975 -2
55595 -2
84731 84795 228995 -2
55779 -2
228795 -2
82835 82875 82879 88683 88953 -2
55343 -2
55327 55859 81699 -2
78591 78731 78875 83639 83711 83747 85659 88167 88543 88583 89453 89465 89701 89705 89829 89845 90101 -2
55759 55803 222535 -2
55283 55319 55331 55403 222323 -2
55367 82747 -2
56333 56337 222915 -2
88735 -2
82127 82719 -2
55267 55271 55291 55295 55315 55319 55351 55463 55483 55487 55527 55551 55559 55703 55819 55847 55875 55883 55919 55923 56023 56037 56041 56397 56553 56557 56561 56761 79539 222331 222339 222395 222459 222463 222475 222487 222607 222611 222615 222643 222963 222967 -2
55855 55871 222611 -2
85167 -2
55855 55871 55887 55895 89721 89737 89745 197025 222607 222647 222671 222675 -2
82719 -2
79539 -2
55531 -2
55287 55291 55627 55679 55719 56229 222331 222335 222471 223055 -2
86911 86915 -2
81591 -2
55267 55315 55323 55843 55847 55859 55863 55867 55871 55875 55879 55883 55967 55971 56761 56769 222323 222335 222631 222675 222679 -2
55283 -2
83339 83451 -2
79879 82063 84743 -2
83115 -2
55267 55271 55283 55295 55351 -2
85351 -2
55555 -2
89653 -2
83227 -2
55283 -2
55483 55487 -2
55267 55271 55351 -2
86283 198405 -2
55267 55351 55503 55515 56037 56041 56169 222383 222387 222391 222755 -2
55547 -2
55527 55531 55539 222395 -2
78359 -2
86999 89441 -2
56761 -2
84651 -2
87015 -2
55267 55271 55531 55539 56007 56011 56761 222395 222435 222675 -2
87075 203729 -2
88487 -2
55267 55271 55275 55287 55323 55351 -2
83075 89433 89521 -2
82615 82619 84663 84775 84779 85995 -2
88937 88941 88957 89033 -2
84723 84771 239699 -2
85915 -2
55275 55339 55343 55783 222323 222599 -2
203729 -2
55267 55315 55323 55327 55351 55487 222459 -2
83719 83731 83795 84679 84751 84759 84811 84999 85011 -2
55315 55323 55327 55487 55835 55863 55875 79007 86307 -2
83547 83571 83575 83579 83583 -2
78435 -2
81771 81955 81959 86075 86107 -2
55275 56761 56769 -2
55543 55831 55835 55847 -2
81639 -2
228883 -2
78247 86887 89185 -2
87375 -2
55267 55287 -2
86403 86415 -2
83815 83907 84731 87283 89465 -2
89521 -2
85143 85147 88711 -2
55367 55379 -2
56769 -2
81699 81723 84455 86067 89649 -2
222395 -2
55463 55475 222379 -2
78359 78371 78411 78415 78427 78431 78439 78599 78643 78731 78875 78879 83979 87003 87015 87039 87055 87203 89593 -2
86947 228831 228835 228839 228843 -2
203729 238931 239211 -2
56003 56769 222435 222531 222583 222599 -2
83271 83359 228951 -2
56177 56181 -2
222395 222583 -2
87015 -2
82875 -2
56633 -2
223055 -2
84731 84755 -2
81787 81955 83031 83907 86187 89317 89337 -2
55831 55835 55839 55855 55863 55867 55871 -2
238931 239211 -2
55527 55531 222395 -2
55595 55619 55827 56177 56193 222439 222459 222471 222487 222787 -2
55351 -2
83135 89321 89645 -2
83039 83047 83055 84595 84727 84767 89253 89433 228935 -2
55343 55531 55535 55539 55807 55887 55891 56765 222395 222411 222491 222531 222563 222583 222599 -2
79043 85143 85147 -2
55323 55327 55331 55543 55555 55563 222319 222331 222447 222647 222651 222667 222675 -2
203729 -2
85987 -2
78163 84731 84747 84759 -2
55855 55863 55871 55883 197025 222607 222615 -2
83719 83727 -2
88531 -2
89649 -2
55327 55439 55443 55447 55451 222351 222355 -2
84727 84731 84755 84767 -2
86119 86143 -2
55323 55327 55407 55411 55415 55435 55463 55475 55483 55487 55491 55543 55619 55703 55827 56077 56173 79651 79667 79795 79823 80059 80127 80223 80227 80947 82259 82931 82939 84159 84183 84199 84247 84267 84603 84647 84679 84867 84871 84947 85011 85311 85451 85647 86459 86691 86879 86971 87475 88071 88259 88263 88267 88399 88427 88451 89285 89289 89293 222379 222383 222447 222779 222791 228799 -2
55287 55315 -2
55619 56077 56761 -2
56769 -2
78403 78643 86187 -2
56177 56185 222795 -2
56769 -2
78719 -2
55271 -2
55455 222371 222423 222671 -2
87555 87595 87639 87659 87663 88427 -2
79795 -2
82679 83991 84023 222395 -2
89185 -2
81615 -2
87095 -2
55283 55887 55891 55895 55899 87059 203729 222375 222695 -2
87127 -2
56217 56225 56273 -2
55831 55835 55887 55891 55899 56761 56769 84159 84183 84187 84199 84247 84267 -2
89721 89737 89745 -2
55455 -2
55831 55835 55859 222607 222615 -2
55463 55503 -2
55663 222447 222479 -2
55871 55875 197025 -2
55351 55543 55547 55551 55555 55559 55563 55831 55835 55959 56761 -2
83719 84603 -2
86287 86291 89541 -2
83627 89521 -2
55543 56761 -2
55839 55855 55879 55883 222615 -2
55267 55351 222643 -2
86887 -2
55271 -2
81603 203729 238931 239211 -2
85027 -2
83547 -2
56633 203729 203733 222655 223019 223023 -2
81535 85915 -2
78591 78687 84759 89173 206603 -2
56201 222791 -2
81591 -2
88969 90157 -2
78395 78595 78791 78795 78891 85103 -2
56201 222767 -2
79071 83963 83971 83983 86907 86911 89517 198429 228743 -2
55271 222331 222439 222907 222923 -2
89185 -2
55367 55443 55447 55455 55831 55843 55847 55863 55887 55891 55899 56333 56337 56345 56373 56761 56769 222351 222359 222375 222651 222663 222667 222675 222907 222919 222943 -2
86143 -2
222647 222655 -2
81699 81911 81923 84603 84827 86067 86107 86143 89721 89737 -2
78687 83547 86187 86987 87043 -2
56169 -2
78687 -2
83663 -2
55295 55319 55323 55327 55331 55547 55551 55555 55559 55563 222319 222331 222339 -2
83115 83135 83183 83547 87335 87343 88427 89441 203729 -2
84883 -2
83339 83451 -2
222471 -2
79767 89133 -2
55283 55875 56061 222331 222655 222659 222663 -2
83547 83727 -2
78179 82935 82963 83547 84759 84867 -2
82771 83815 86047 86059 88427 89453 -2
78391 78419 81607 81627 84727 84743 84755 84839 228759 -2
56765 -2
203729 -2
78247 78687 81583 83891 86267 86803 87335 87351 203729 222439 -2
55271 55291 222331 -2
55291 -2
82963 86047 -2
56633 222835 -2
79519 -2
56077 56229 56565 -2
86067 89185 -2
222791 -2
55887 55899 -2
82811 82815 82819 -2
56057 -2
55755 222459 222551 -2
83475 83479 -2
78759 89817 -2
55679 -2
55663 56117 56165 56561 222687 222691 -2
87375 87419 88391 88595 89717 89733 -2
79651 79975 82523 84603 84731 84747 85003 85011 228935 228987 -2
86055 -2
55267 55271 55287 55315 55319 55331 55351 222339 -2
84335 84371 84387 -2
79043 79059 79067 79071 79075 79079 -2
55271 55323 55931 55947 55951 55955 55959 55967 56003 56229 56281 222631 222639 223059 -2
84951 89817 229003 -2
79079 87295 -2
87051 87095 -2
84231 84239 84255 84263 84283 84731 84839 87531 89453 89701 89705 89717 89725 89737 89745 -2
89801 -2
83235 83711 89369 89389 -2
86135 -2
55451 55511 56281 222355 222359 222859 222883 -2
55271 55291 55367 55387 222331 222339 -2
81335 -2
82027 82031 -2
82339 -2
55543 -2
55267 55291 55295 55331 55483 55511 55831 55835 56761 78891 78967 82531 82543 83511 83515 84691 84995 85679 85915 85919 222663 -2
86979 87203 -2
222611 -2
83115 83251 83447 83547 83719 83815 83907 89321 89705 89721 -2
55267 55275 55315 55323 55351 222339 -2
55287 55291 55295 55307 55319 55323 55331 55335 55339 55351 55531 222339 -2
84679 85011 85019 222371 222375 222379 222599 222675 222931 222963 -2
89789 -2
83043 83047 -2
82671 82691 -2
55551 55591 -2
85143 88775 -2
55403 55919 55927 55931 55947 55971 55975 55991 55995 55999 84851 84871 84883 84899 84903 84907 84955 84983 85011 222627 222639 229019 229023 -2
55431 222343 -2
56177 56201 -2
56761 -2
