55267 -1 #SUP: 13
55271 -1 #SUP: 12
55275 -1 #SUP: 4
55283 -1 #SUP: 7
55287 -1 #SUP: 8
55291 -1 #SUP: 7
55295 -1 #SUP: 7
55307 -1 #SUP: 1
55315 -1 #SUP: 7
55319 -1 #SUP: 5
55323 -1 #SUP: 12
55327 -1 #SUP: 9
55331 -1 #SUP: 7
55335 -1 #SUP: 1
55339 -1 #SUP: 2
55343 -1 #SUP: 3
55351 -1 #SUP: 12
55367 -1 #SUP: 4
55375 -1 #SUP: 1
55379 -1 #SUP: 1
55387 -1 #SUP: 1
55403 -1 #SUP: 3
55407 -1 #SUP: 2
55411 -1 #SUP: 2
55415 -1 #SUP: 1
55431 -1 #SUP: 1
55435 -1 #SUP: 2
55439 -1 #SUP: 1
55443 -1 #SUP: 2
55447 -1 #SUP: 2
55451 -1 #SUP: 2
55455 -1 #SUP: 4
55463 -1 #SUP: 4
55475 -1 #SUP: 2
55483 -1 #SUP: 4
55487 -1 #SUP: 5
55491 -1 #SUP: 1
55503 -1 #SUP: 2
55511 -1 #SUP: 2
55515 -1 #SUP: 1
55527 -1 #SUP: 3
55531 -1 #SUP: 6
55535 -1 #SUP: 1
55539 -1 #SUP: 3
55543 -1 #SUP: 6
55547 -1 #SUP: 3
55551 -1 #SUP: 4
55555 -1 #SUP: 4
55559 -1 #SUP: 3
55563 -1 #SUP: 3
55591 -1 #SUP: 1
55595 -1 #SUP: 2
55619 -1 #SUP: 3
55627 -1 #SUP: 1
55663 -1 #SUP: 2
55679 -1 #SUP: 2
55703 -1 #SUP: 2
55719 -1 #SUP: 1
55755 -1 #SUP: 1
55759 -1 #SUP: 1
55779 -1 #SUP: 1
55783 -1 #SUP: 1
55803 -1 #SUP: 1
55807 -1 #SUP: 1
55819 -1 #SUP: 1
55827 -1 #SUP: 2
55831 -1 #SUP: 8
55835 -1 #SUP: 8
55839 -1 #SUP: 3
55843 -1 #SUP: 2
55847 -1 #SUP: 5
55855 -1 #SUP: 5
55859 -1 #SUP: 3
55863 -1 #SUP: 6
55867 -1 #SUP: 2
55871 -1 #SUP: 6
55875 -1 #SUP: 5
55879 -1 #SUP: 3
55883 -1 #SUP: 4
55887 -1 #SUP: 6
55891 -1 #SUP: 4
55895 -1 #SUP: 3
55899 -1 #SUP: 4
55919 -1 #SUP: 2
55923 -1 #SUP: 1
55927 -1 #SUP: 1
55931 -1 #SUP: 2
55947 -1 #SUP: 2
55951 -1 #SUP: 1
55955 -1 #SUP: 1
55959 -1 #SUP: 2
55967 -1 #SUP: 2
55971 -1 #SUP: 2
55975 -1 #SUP: 1
55991 -1 #SUP: 2
55995 -1 #SUP: 1
55999 -1 #SUP: 1
56003 -1 #SUP: 2
56007 -1 #SUP: 1
56011 -1 #SUP: 1
56023 -1 #SUP: 1
56037 -1 #SUP: 2
56041 -1 #SUP: 2
56057 -1 #SUP: 1
56061 -1 #SUP: 1
56077 -1 #SUP: 4
56109 -1 #SUP: 1
56117 -1 #SUP: 1
56165 -1 #SUP: 1
56169 -1 #SUP: 2
56173 -1 #SUP: 1
56177 -1 #SUP: 4
56181 -1 #SUP: 2
56185 -1 #SUP: 1
56193 -1 #SUP: 1
56201 -1 #SUP: 3
56217 -1 #SUP: 1
56225 -1 #SUP: 2
56229 -1 #SUP: 3
56273 -1 #SUP: 1
56281 -1 #SUP: 2
56333 -1 #SUP: 2
56337 -1 #SUP: 2
56345 -1 #SUP: 1
56373 -1 #SUP: 2
56397 -1 #SUP: 1
56553 -1 #SUP: 1
56557 -1 #SUP: 1
56561 -1 #SUP: 2
56565 -1 #SUP: 1
56633 -1 #SUP: 3
56761 -1 #SUP: 12
56765 -1 #SUP: 3
56769 -1 #SUP: 8
78163 -1 #SUP: 2
78179 -1 #SUP: 1
78247 -1 #SUP: 2
78359 -1 #SUP: 2
78371 -1 #SUP: 1
78391 -1 #SUP: 1
78395 -1 #SUP: 1
78403 -1 #SUP: 1
78411 -1 #SUP: 1
78415 -1 #SUP: 1
78419 -1 #SUP: 1
78427 -1 #SUP: 1
78431 -1 #SUP: 1
78435 -1 #SUP: 1
78439 -1 #SUP: 1
78591 -1 #SUP: 2
78595 -1 #SUP: 1
78599 -1 #SUP: 1
78643 -1 #SUP: 2
78687 -1 #SUP: 4
78719 -1 #SUP: 1
78731 -1 #SUP: 2
78759 -1 #SUP: 1
78791 -1 #SUP: 1
78795 -1 #SUP: 1
78875 -1 #SUP: 2
78879 -1 #SUP: 1
78891 -1 #SUP: 2
78967 -1 #SUP: 1
79007 -1 #SUP: 1
79043 -1 #SUP: 2
79059 -1 #SUP: 1
79067 -1 #SUP: 1
79071 -1 #SUP: 2
79075 -1 #SUP: 1
79079 -1 #SUP: 2
79519 -1 #SUP: 1
79539 -1 #SUP: 2
79651 -1 #SUP: 2
79667 -1 #SUP: 1
79767 -1 #SUP: 1
79795 -1 #SUP: 2
79823 -1 #SUP: 1
79879 -1 #SUP: 1
79975 -1 #SUP: 1
80027 -1 #SUP: 1
80059 -1 #SUP: 1
80127 -1 #SUP: 1
80203 -1 #SUP: 1
80223 -1 #SUP: 1
80227 -1 #SUP: 1
80947 -1 #SUP: 1
81335 -1 #SUP: 1
81535 -1 #SUP: 1
81583 -1 #SUP: 1
81591 -1 #SUP: 2
81603 -1 #SUP: 1
81607 -1 #SUP: 1
81615 -1 #SUP: 1
81627 -1 #SUP: 1
81639 -1 #SUP: 1
81699 -1 #SUP: 3
81723 -1 #SUP: 1
81771 -1 #SUP: 1
81787 -1 #SUP: 1
81795 -1 #SUP: 1
81843 -1 #SUP: 1
81875 -1 #SUP: 1
81911 -1 #SUP: 1
81923 -1 #SUP: 1
81931 -1 #SUP: 1
81939 -1 #SUP: 1
81943 -1 #SUP: 1
81955 -1 #SUP: 3
81959 -1 #SUP: 2
81975 -1 #SUP: 1
81991 -1 #SUP: 1
82027 -1 #SUP: 1
82031 -1 #SUP: 1
82063 -1 #SUP: 1
82127 -1 #SUP: 1
82259 -1 #SUP: 1
82339 -1 #SUP: 1
82475 -1 #SUP: 1
82523 -1 #SUP: 1
82531 -1 #SUP: 1
82543 -1 #SUP: 1
82615 -1 #SUP: 1
82619 -1 #SUP: 1
82671 -1 #SUP: 1
82679 -1 #SUP: 1
82691 -1 #SUP: 1
82719 -1 #SUP: 2
82747 -1 #SUP: 1
82771 -1 #SUP: 1
82811 -1 #SUP: 1
82815 -1 #SUP: 1
82819 -1 #SUP: 1
82835 -1 #SUP: 1
82875 -1 #SUP: 3
82879 -1 #SUP: 2
82931 -1 #SUP: 1
82935 -1 #SUP: 1
82939 -1 #SUP: 1
82963 -1 #SUP: 2
82979 -1 #SUP: 1
83031 -1 #SUP: 1
83039 -1 #SUP: 1
83043 -1 #SUP: 1
83047 -1 #SUP: 2
83055 -1 #SUP: 1
83075 -1 #SUP: 1
83115 -1 #SUP: 3
83135 -1 #SUP: 2
83183 -1 #SUP: 1
83227 -1 #SUP: 1
83235 -1 #SUP: 1
83251 -1 #SUP: 1
83271 -1 #SUP: 1
83339 -1 #SUP: 2
83359 -1 #SUP: 1
83447 -1 #SUP: 1
83451 -1 #SUP: 2
83475 -1 #SUP: 1
83479 -1 #SUP: 1
83511 -1 #SUP: 1
83515 -1 #SUP: 1
83547 -1 #SUP: 7
83571 -1 #SUP: 1
83575 -1 #SUP: 1
83579 -1 #SUP: 1
83583 -1 #SUP: 1
83627 -1 #SUP: 1
83639 -1 #SUP: 1
83663 -1 #SUP: 1
83711 -1 #SUP: 2
83719 -1 #SUP: 4
83727 -1 #SUP: 2
83731 -1 #SUP: 1
83747 -1 #SUP: 1
83795 -1 #SUP: 1
83815 -1 #SUP: 3
83891 -1 #SUP: 1
83907 -1 #SUP: 3
83963 -1 #SUP: 1
83971 -1 #SUP: 1
83979 -1 #SUP: 1
83983 -1 #SUP: 1
83991 -1 #SUP: 1
84023 -1 #SUP: 1
84159 -1 #SUP: 2
84183 -1 #SUP: 2
84187 -1 #SUP: 1
84199 -1 #SUP: 2
84211 -1 #SUP: 1
84231 -1 #SUP: 1
84239 -1 #SUP: 1
84247 -1 #SUP: 2
84255 -1 #SUP: 1
84263 -1 #SUP: 1
84267 -1 #SUP: 2
84283 -1 #SUP: 1
84335 -1 #SUP: 1
84371 -1 #SUP: 1
84387 -1 #SUP: 1
84455 -1 #SUP: 1
84595 -1 #SUP: 1
84603 -1 #SUP: 4
84647 -1 #SUP: 1
84651 -1 #SUP: 1
84663 -1 #SUP: 1
84679 -1 #SUP: 3
84691 -1 #SUP: 1
84723 -1 #SUP: 1
84727 -1 #SUP: 3
84731 -1 #SUP: 7
84743 -1 #SUP: 2
84747 -1 #SUP: 2
84751 -1 #SUP: 1
84755 -1 #SUP: 3
84759 -1 #SUP: 4
84767 -1 #SUP: 2
84771 -1 #SUP: 1
84775 -1 #SUP: 1
84779 -1 #SUP: 1
84795 -1 #SUP: 1
84803 -1 #SUP: 1
84811 -1 #SUP: 1
84827 -1 #SUP: 2
84839 -1 #SUP: 2
84851 -1 #SUP: 1
84867 -1 #SUP: 2
84871 -1 #SUP: 2
84883 -1 #SUP: 2
84899 -1 #SUP: 1
84903 -1 #SUP: 1
84907 -1 #SUP: 1
84947 -1 #SUP: 2
84951 -1 #SUP: 1
84955 -1 #SUP: 1
84983 -1 #SUP: 1
84995 -1 #SUP: 1
84999 -1 #SUP: 2
85003 -1 #SUP: 1
85011 -1 #SUP: 5
85019 -1 #SUP: 1
85027 -1 #SUP: 1
85087 -1 #SUP: 1
85103 -1 #SUP: 1
85143 -1 #SUP: 3
85147 -1 #SUP: 2
85167 -1 #SUP: 1
85311 -1 #SUP: 1
85351 -1 #SUP: 1
85451 -1 #SUP: 1
85647 -1 #SUP: 1
85659 -1 #SUP: 1
85679 -1 #SUP: 1
85915 -1 #SUP: 3
85919 -1 #SUP: 1
85987 -1 #SUP: 1
85995 -1 #SUP: 1
86003 -1 #SUP: 1
86047 -1 #SUP: 2
86055 -1 #SUP: 1
86059 -1 #SUP: 1
86067 -1 #SUP: 3
86075 -1 #SUP: 1
86107 -1 #SUP: 2
86119 -1 #SUP: 1
86135 -1 #SUP: 1
86143 -1 #SUP: 3
86187 -1 #SUP: 3
86267 -1 #SUP: 1
86283 -1 #SUP: 1
86287 -1 #SUP: 1
86291 -1 #SUP: 1
86307 -1 #SUP: 1
86403 -1 #SUP: 1
86415 -1 #SUP: 1
86459 -1 #SUP: 1
86691 -1 #SUP: 1
86803 -1 #SUP: 1
86879 -1 #SUP: 1
86887 -1 #SUP: 2
86907 -1 #SUP: 1
86911 -1 #SUP: 2
86915 -1 #SUP: 1
86919 -1 #SUP: 1
86927 -1 #SUP: 1
86943 -1 #SUP: 1
86947 -1 #SUP: 1
86971 -1 #SUP: 1
86979 -1 #SUP: 2
86987 -1 #SUP: 1
86999 -1 #SUP: 1
87003 -1 #SUP: 1
87015 -1 #SUP: 3
87039 -1 #SUP: 1
87043 -1 #SUP: 1
87051 -1 #SUP: 1
87055 -1 #SUP: 1
87059 -1 #SUP: 1
87075 -1 #SUP: 1
87095 -1 #SUP: 2
87127 -1 #SUP: 1
87203 -1 #SUP: 2
87283 -1 #SUP: 1
87295 -1 #SUP: 1
87335 -1 #SUP: 2
87343 -1 #SUP: 1
87351 -1 #SUP: 1
87375 -1 #SUP: 2
87419 -1 #SUP: 1
87475 -1 #SUP: 1
87531 -1 #SUP: 1
87555 -1 #SUP: 1
87595 -1 #SUP: 1
87639 -1 #SUP: 1
87659 -1 #SUP: 1
87663 -1 #SUP: 1
88071 -1 #SUP: 1
88167 -1 #SUP: 1
88259 -1 #SUP: 1
88263 -1 #SUP: 1
88267 -1 #SUP: 1
88391 -1 #SUP: 1
88399 -1 #SUP: 1
88427 -1 #SUP: 4
88451 -1 #SUP: 1
88487 -1 #SUP: 1
88531 -1 #SUP: 1
88543 -1 #SUP: 1
88583 -1 #SUP: 1
88595 -1 #SUP: 1
88683 -1 #SUP: 1
88711 -1 #SUP: 1
88735 -1 #SUP: 1
88775 -1 #SUP: 1
88937 -1 #SUP: 1
88941 -1 #SUP: 1
88953 -1 #SUP: 1
88957 -1 #SUP: 1
88969 -1 #SUP: 1
89033 -1 #SUP: 1
89133 -1 #SUP: 1
89173 -1 #SUP: 1
89185 -1 #SUP: 4
89253 -1 #SUP: 1
89285 -1 #SUP: 1
89289 -1 #SUP: 1
89293 -1 #SUP: 1
89317 -1 #SUP: 1
89321 -1 #SUP: 2
89337 -1 #SUP: 1
89369 -1 #SUP: 1
89389 -1 #SUP: 1
89433 -1 #SUP: 2
89441 -1 #SUP: 2
89453 -1 #SUP: 4
89465 -1 #SUP: 2
89517 -1 #SUP: 1
89521 -1 #SUP: 3
89541 -1 #SUP: 1
89593 -1 #SUP: 1
89645 -1 #SUP: 1
89649 -1 #SUP: 2
89653 -1 #SUP: 1
89701 -1 #SUP: 2
89705 -1 #SUP: 3
89717 -1 #SUP: 2
89721 -1 #SUP: 4
89725 -1 #SUP: 1
89733 -1 #SUP: 1
89737 -1 #SUP: 4
89745 -1 #SUP: 3
89789 -1 #SUP: 1
89801 -1 #SUP: 1
89817 -1 #SUP: 2
89829 -1 #SUP: 2
89845 -1 #SUP: 2
89849 -1 #SUP: 1
90101 -1 #SUP: 1
90157 -1 #SUP: 1
197025 -1 #SUP: 3
198405 -1 #SUP: 1
198429 -1 #SUP: 1
203729 -1 #SUP: 10
203733 -1 #SUP: 1
206603 -1 #SUP: 1
222319 -1 #SUP: 2
222323 -1 #SUP: 4
222331 -1 #SUP: 9
222335 -1 #SUP: 2
222339 -1 #SUP: 6
222343 -1 #SUP: 1
222351 -1 #SUP: 2
222355 -1 #SUP: 2
222359 -1 #SUP: 2
222371 -1 #SUP: 2
222375 -1 #SUP: 4
222379 -1 #SUP: 3
222383 -1 #SUP: 2
222387 -1 #SUP: 1
222391 -1 #SUP: 1
222395 -1 #SUP: 8
222411 -1 #SUP: 1
222423 -1 #SUP: 1
222435 -1 #SUP: 2
222439 -1 #SUP: 3
222447 -1 #SUP: 3
222455 -1 #SUP: 1
222459 -1 #SUP: 4
222463 -1 #SUP: 1
222471 -1 #SUP: 3
222475 -1 #SUP: 1
222479 -1 #SUP: 1
222487 -1 #SUP: 2
222491 -1 #SUP: 1
222499 -1 #SUP: 1
222511 -1 #SUP: 1
222531 -1 #SUP: 2
222535 -1 #SUP: 1
222551 -1 #SUP: 1
222563 -1 #SUP: 1
222583 -1 #SUP: 3
222591 -1 #SUP: 1
222599 -1 #SUP: 4
222607 -1 #SUP: 5
222611 -1 #SUP: 3
222615 -1 #SUP: 4
222627 -1 #SUP: 1
222631 -1 #SUP: 2
222639 -1 #SUP: 2
222643 -1 #SUP: 2
222647 -1 #SUP: 3
222651 -1 #SUP: 2
222655 -1 #SUP: 3
222659 -1 #SUP: 1
222663 -1 #SUP: 3
222667 -1 #SUP: 2
222671 -1 #SUP: 2
222675 -1 #SUP: 6
222679 -1 #SUP: 1
222687 -1 #SUP: 1
222691 -1 #SUP: 1
222695 -1 #SUP: 1
222699 -1 #SUP: 2
222755 -1 #SUP: 1
222767 -1 #SUP: 1
222771 -1 #SUP: 1
222779 -1 #SUP: 1
222783 -1 #SUP: 1
222787 -1 #SUP: 2
222791 -1 #SUP: 3
222795 -1 #SUP: 2
222835 -1 #SUP: 1
222859 -1 #SUP: 1
222883 -1 #SUP: 1
222907 -1 #SUP: 2
222915 -1 #SUP: 1
222919 -1 #SUP: 1
222923 -1 #SUP: 1
222931 -1 #SUP: 1
222943 -1 #SUP: 1
222963 -1 #SUP: 2
222967 -1 #SUP: 1
223019 -1 #SUP: 1
223023 -1 #SUP: 1
223055 -1 #SUP: 2
223059 -1 #SUP: 1
228743 -1 #SUP: 1
228759 -1 #SUP: 1
228795 -1 #SUP: 1
228799 -1 #SUP: 1
228831 -1 #SUP: 1
228835 -1 #SUP: 1
228839 -1 #SUP: 1
228843 -1 #SUP: 1
228883 -1 #SUP: 1
228935 -1 #SUP: 2
228951 -1 #SUP: 1
228987 -1 #SUP: 1
228995 -1 #SUP: 1
229003 -1 #SUP: 1
229019 -1 #SUP: 1
229023 -1 #SUP: 1
238931 -1 #SUP: 3
239211 -1 #SUP: 3
239699 -1 #SUP: 1
